-1.403860092163085938e+00 2.275178432464599609e+00
-1.046500205993652344e-01 2.336725711822509766e+00
-2.174071788787841797e+00 2.526454448699951172e+00
-1.702507259324193001e-03 -6.348865032196044922e-01
-1.516143202781677246e+00 -9.730928540229797363e-01
2.631119251251220703e+00 -1.539774775505065918e+00
6.721761226654052734e-01 2.256230354309082031e+00
3.472326099872589111e-01 1.539128661155700684e+00
-3.307716250419616699e-01 -2.690385878086090088e-01
4.969211220741271973e-01 -1.466320157051086426e+00
-1.254136323928833008e+00 -2.168025970458984375e+00
-2.044473737478256226e-01 1.192050337791442871e+00
-9.141058325767517090e-01 1.149907708168029785e+00
1.534770131111145020e+00 -1.478807091712951660e+00
-1.255127906799316406e+00 -3.840433955192565918e-01
1.481075167655944824e+00 2.274095773696899414e+00
-4.350274503231048584e-01 1.773288249969482422e+00
2.093877792358398438e+00 2.363756418228149414e+00
-4.612477421760559082e-01 -1.469369888305664062e+00
-1.042701482772827148e+00 2.997583746910095215e-01
