1.465766191482543945e+00 -3.002900362014770508e+00
-2.736151933670043945e+00 -1.304318070411682129e+00
-1.887066721916198730e+00 -1.470945954322814941e+00
7.467538714408874512e-01 -2.404853105545043945e+00
-1.169391274452209473e-01 -1.996611595153808594e+00
1.324927449226379395e+00 8.883090615272521973e-01
-9.474396705627441406e-02 4.290232360363006592e-01
1.110431313514709473e+00 2.806683480739593506e-01
5.770694017410278320e-01 -1.316027641296386719e+00
9.597468376159667969e-02 5.126951634883880615e-02
1.115988373756408691e+00 -3.011213839054107666e-01
-1.568238735198974609e+00 1.397390365600585938e+00
-2.274692058563232422e+00 1.894556641578674316e+00
-1.582951247692108154e-01 -1.151834726333618164e+00
6.214670538902282715e-01 1.699321746826171875e+00
-5.328882932662963867e-01 1.234767317771911621e+00
7.286176681518554688e-01 2.478615999221801758e+00
7.442659139633178711e-01 -6.128175258636474609e-01
2.502101957798004150e-01 1.073605775833129883e+00
-9.196271896362304688e-01 -1.590072154998779297e+00
