-2.171880602836608887e-01 -1.176734924316406250e+00
1.119721889495849609e+00 -1.678420156240463257e-01
4.875927865505218506e-01 -3.966195583343505859e-01
4.254229962825775146e-01 -1.179204344749450684e+00
-1.307437539100646973e+00 5.391528606414794922e-01
6.537996530532836914e-01 1.055822491645812988e+00
-4.964278340339660645e-01 5.032459497451782227e-01
2.529613733291625977e+00 1.909004211425781250e+00
6.535890698432922363e-02 8.305853009223937988e-01
-4.486806094646453857e-01 7.562717050313949585e-02
1.340860962867736816e+00 1.402914881706237793e+00
2.458542957901954651e-02 -8.215211033821105957e-01
1.365997076034545898e+00 4.819625616073608398e-01
-3.225875496864318848e-01 -9.386689066886901855e-01
8.509078621864318848e-01 -1.263785600662231445e+00
9.595207571983337402e-01 -7.730553150177001953e-01
1.996763467788696289e+00 1.614936828613281250e+00
-2.513872385025024414e-01 -3.248117864131927490e-01
-2.005010604858398438e+00 6.220443844795227051e-01
4.773536622524261475e-01 2.211492210626602173e-01
