query	target	qtmscore	ttmscore	qcov	tcov	lddt	fident	alnlen	mismatch	gapopen	qstart	tsart	qend	tend	evalue	bits
d3d02a_	d8abpa_	7.460E-01	7.352E-01	0.993	0.967	5.837E-01	0.141	318	230	15	1	1	298	295	1.139E-15	425
d1jx6a_	d8abpa_	6.419E-01	7.020E-01	0.852	0.977	5.122E-01	0.153	313	225	18	41	2	328	299	2.446E-13	309
d1jyea_	d8abpa_	7.612E-01	6.862E-01	0.974	0.944	6.216E-01	0.155	296	210	14	1	2	264	289	1.325E-13	361
d2fn9a_	d8abpa_	7.402E-01	6.887E-01	0.993	0.944	6.557E-01	0.204	293	213	11	2	3	279	290	2.607E-18	502
d1tjya_	d8abpa_	6.936E-01	7.156E-01	0.984	0.967	5.561E-01	0.119	335	231	15	3	1	313	295	9.118E-14	349
d3d02a_	d8abpa_	7.460E-01	7.352E-01	0.993	0.967	5.837E-01	0.141	318	230	15	1	1	298	295	1.139E-15	425
d2fvya_	d8abpa_	7.678E-01	7.678E-01	0.997	0.967	6.351E-01	0.179	317	225	16	1	1	304	295	9.069E-16	452
d2fn9a_	d8abpa_	7.402E-01	6.887E-01	0.993	0.944	6.557E-01	0.204	293	213	11	2	3	279	290	2.607E-18	502
d1byka_	d8abpa_	7.999E-01	6.809E-01	0.992	0.941	6.219E-01	0.126	292	211	18	2	1	254	287	2.870E-12	324
d1guda_	d8abpa_	6.707E-01	6.398E-01	0.997	0.948	6.397E-01	0.178	308	213	14	1	1	287	289	1.989E-14	407
d1tjya_	d8abpa_	6.936E-01	7.156E-01	0.984	0.967	5.561E-01	0.119	335	231	15	3	1	313	295	9.118E-14	349
d1byka_	d8abpa_	7.999E-01	6.809E-01	0.992	0.941	6.219E-01	0.126	292	211	18	2	1	254	287	2.870E-12	324
d1dbqa_	d8abpa_	6.777E-01	6.241E-01	0.942	0.938	6.102E-01	0.189	291	200	13	2	3	261	288	1.100E-14	374
d2gx6a_	d8abpa_	8.469E-01	7.593E-01	0.993	0.948	6.836E-01	0.215	297	197	18	1	1	269	289	1.461E-18	575
d2gx6a_	d8abpa_	8.469E-01	7.593E-01	0.993	0.948	6.836E-01	0.215	297	197	18	1	1	269	289	1.461E-18	575
d1jx6a_	d8abpa_	6.419E-01	7.020E-01	0.852	0.977	5.122E-01	0.153	313	225	18	41	2	328	299	2.446E-13	309
d3c3ka_	d8abpa_	7.912E-01	7.029E-01	0.966	0.938	6.098E-01	0.148	290	211	15	4	3	261	288	7.221E-14	363
d2fvya_	d8abpa_	7.678E-01	7.678E-01	0.997	0.967	6.351E-01	0.179	317	225	16	1	1	304	295	9.069E-16	452
d1jyea_	d8abpa_	7.612E-01	6.862E-01	0.974	0.944	6.216E-01	0.155	296	210	14	1	2	264	289	1.325E-13	361
d2nzug_	d8abpa_	7.680E-01	7.017E-01	0.985	0.951	6.182E-01	0.121	296	229	15	3	1	273	290	2.207E-14	377
d1dbqa_	d8abpa_	6.777E-01	6.241E-01	0.942	0.938	6.102E-01	0.189	291	200	13	2	3	261	288	1.100E-14	374
d1guda_	d8abpa_	6.707E-01	6.398E-01	0.997	0.948	6.397E-01	0.178	308	213	14	1	1	287	289	1.989E-14	407
d3c3ka_	d8abpa_	7.912E-01	7.029E-01	0.966	0.938	6.098E-01	0.148	290	211	15	4	3	261	288	7.221E-14	363
d2nzug_	d8abpa_	7.680E-01	7.017E-01	0.985	0.951	6.182E-01	0.121	296	229	15	3	1	273	290	2.207E-14	377
